- - - 205 53 - - - - 218 970 872 220 48 130 48 - 926 - 269 - 909 - - 189 911 82 - - - 834 305 93 877 - - 821 152 534 - - - 870 - 650 519 382 860 89 994 400 770 641 575 946 962 969 602 662 675 148 - 681 251 689 684 800 - - 36 146
325 534 979 - 404 380 - 559 503 216 32 731 300 - 151 522 - 923 845 - 204 - - 460 - - - 67 354 773 513 65 189 405 - 738 - 521 - 611 - - 269 196 - 116 393 - 106 282 - 259 812 522 243 145 - - - 897 962 683 856 480 248
594 460 821 - - - - 682 830 237 273 233 929 - - 35 92 123 - 151 - - - 653 33 481 247 207 - 283 1000 108 3 199 315 - 969 907 812 111 979 697 105 - 748 - 110 298 628 693 332 - - 893 - - 766 - - 972 641 - - - - 103 718 551 464 741 299 884 669 687 122 906 508 592 117 377 - 616 - 999 - - 837 - 825 - 31 - - - - - 103 514 569 429
- - 665 - 944 37 - 600 162 841 - 687 49 511 21 67 - 495 8 422 - 408 - - - 724 99 - 304 207 664 722 255 156 539 - 446 589 545 - 112 993 143 979 268 - 691 613 655 - 433 - 33 - - - 938 779 104 - - 337 92
- 182 178 - 595 56 716 - 765 573 71 - 176 101 834 493 837 - 991 374 612 630 900 - 642 360 575 151 996 - - 666 369 300 - - 822 366 207 635 228 726 698 126 640 980 - 960 646 72 794 685 226 - - 254 - 612 930 84 978 705 - 369 - 666 55 539 - 492 780 404 235
344 - 266 330 - 805 - 527 319 90 333 - 376 544 979 921 - 179 45 589 323 - 76 485 77 70 635 - 330 762 121 287 178 858 - 626 990 712 386 431 389 509 - 649 - 122 - 128 342 301 593 - 110 951 - 761 37 279 650 116 - 732 458 539 610 - - 695 82 394 - 944 495 451 903 326 - 682 390 296
300 130 452 264 815 610 210 181 949 82 - 402 318 447 137 - 76 653 748 752 878 443 898 561 322 - - 236 - 275 361 613 423 596 936 - - - - - 432 456 -
- 923 376 - 899 1 - 256 - 32 7 804 138 542 517 967 304 676 335 - - 304 575 41 - - 787 857 861 784 228 701 10 332 47 79 - 594 118 - 58 - 45 795 945 556 924 892 - 53 466 75 - 404 130 610 289 - - 640 625 195 610 106 938 363 767 730 419 977 758 890 - 398 234 716 129 - - 967 - 793 769 704 588 254 890
260 - 143 1000 308 360 952 155 271 - 359 903 85 503 484 361 - 317 250 - - 646 536 722 62 - 7 867 864 372 - 824 - 788 633 893 - - 723 760
- 876 436 299 - 561 - - - 375 922 - 535 920 74 967 - 791 - 323 851 638 696 445 - 939 997 73 470 - 674 857 228 76 179 901 580 380 852 398 905 341 871 765 - 107 - - - 414 668 65 - - 65 714 830 871 - 871 - 375 355 705 950 - - 260 -
